camera_matrix:
- - 754.0561650121026
  - 0.0
  - 644.6060112578095
- - 0.0
  - 753.4145816340022
  - 384.6738884869952
- - 0.0
  - 0.0
  - 1.0
dist_coeff:
- - -0.015754658834692264
  - -0.08714636510858538
  - 0.009856359684563665
  - -0.0035721934930976976
  - -0.024537016167096058
